18,1,23,0,-3
19,1,24,0,-3
20,1,25,0,-3
18,1,-2,0,-3,-1,19,1,-4,0,-3,-1,31,1,-2,-4,0,-3
22,1,27,0,-3
29,1,28,0,-3
18,1,-2,0,-3,-1,29,1,-4,0,-3,-1,31,1,-2,-4,0,-3
17,1,-2,0,-3,-1,18,1,-2,0,-3
17,1,-2,0,-3,-1,19,1,-2,0,-3
17,1,-2,0,-3,-1,20,1,-2,0,-3
20,1,-2,0,-3,-1,22,1,-4,0,-3,-1,31,1,-2,-4,0,-3
17,1,-2,0,-3,-1,22,1,-2,0,-3
30,1,-2,0,-3,-1,29,1,-2,0,-3
17,1,-4,0,-3,-1,17,1,-2,0,-3,-1,29,1,-6,0,-3,-1,31,1,-4,-6,0,-3,-1,31,1,-2,-4,0,-3
30,1,34,1,-2,0,0,-3,-1,22,1,-2,0,-3
31,1,-2,34,1,-2,0,0,-3,-1,22,1,-2,0,-3
32,1,-2,-4,0,-3,-1,18,1,-4,0,-3,-1,19,1,-2,0,-3
32,1,-2,-4,0,-3,-1,19,1,-4,0,-3,-1,20,1,-2,0,-3
32,1,-2,-4,0,-3,-1,20,1,-4,0,-3,-1,22,1,-2,0,-3
31,1,-2,-6,0,-3,-1,31,1,-2,-4,0,-3,-1,17,1,-6,0,-3,-1,17,1,-2,0,-3,-1,30,1,-8,0,-3,-1,30,1,-4,0,-3,-1,31,1,-6,-8,0,-3,-1,32,1,-6,-2,0,-3
31,1,-2,-4,0,-3,-1,31,1,-2,-6,0,-3,-1,32,1,-4,-2,0,-3,-1,30,1,34,1,-4,0,0,-3,-1,30,1,-6,0,-3,-1,17,1,-4,0,-3,-1,17,1,-2,0,-3,-1,22,1,-4,0,-3
31,1,-2,-4,0,-3,-1,31,1,-2,-6,0,-3,-1,30,1,34,1,-4,0,0,-3,-1,30,1,-6,0,-3,-1,22,1,-4,0,-3,-1,17,1,-4,0,-3,-1,17,1,-2,0,-3,-1,20,1,-2,0,-3
31,1,-2,-6,0,-3,-1,22,1,-4,0,-3,-1,20,1,-2,0,-3,-1,30,1,34,1,-4,0,0,-3,-1,30,1,-6,0,-3,-1,17,1,-4,0,-3,-1,17,1,-2,0,-3
31,1,-2,-4,0,-3,-1,30,1,-4,0,-3,-1,22,1,-6,0,-3,-1,20,1,-2,0,-3,-1,17,1,-6,0,-3,-1,17,1,-2,0,-3
31,1,-2,-4,0,-3,-1,30,1,-4,0,-3,-1,22,1,-6,0,-3,-1,20,1,-2,0,-3,-1,17,1,-2,0,-3
31,1,-2,-6,0,-3,-1,29,1,-4,0,-3,-1,18,1,-2,0,-3,-1,32,1,-6,-2,0,-3,-1,31,1,-6,-8,0,-3,-1,30,1,-8,0,-3,-1,30,1,-4,0,-3,-1,17,1,-6,0,-3,-1,17,1,-2,0,-3
31,1,-2,-4,0,-3,-1,32,1,-4,-2,0,-3,-1,31,1,-4,-6,0,-3,-1,30,1,-6,0,-3,-1,29,1,-8,0,-3,-1,18,1,-2,0,-3,-1,17,1,-4,0,-3,-1,17,1,-2,0,-3
31,1,-2,-4,0,-3,-1,31,1,-4,-6,0,-3,-1,30,1,-6,0,-3,-1,29,1,-8,0,-3,-1,18,1,-2,0,-3,-1,17,1,-4,0,-3,-1,17,1,-2,0,-3,-1,19,1,-4,0,-3
31,1,-2,-4,0,-3,-1,31,1,-2,-6,0,-3,-1,31,1,-4,-8,0,-3,-1,30,1,-8,0,-3,-1,30,1,-6,0,-3,-1,17,1,-4,0,-3,-1,17,1,-2,0,-3,-1,20,1,-4,0,-3,-1,19,1,-2,0,-3
31,1,-2,-4,0,-3,-1,31,1,-2,-6,0,-3,-1,30,1,-8,0,-3,-1,30,1,-6,0,-3,-1,20,1,-4,0,-3,-1,19,1,-2,0,-3,-1,17,1,-4,0,-3,-1,17,1,-2,0,-3,-1,22,1,-10,0,-3
31,1,-6,-2,0,-3,-1,29,1,-4,0,-3,-1,17,1,-2,0,-3,-1,17,1,-6,0,-3,-1,30,1,-4,0,-3,-1,22,1,-8,0,-3,-1,20,1,-2,0,-3
31,1,-2,-4,0,-3,-1,29,1,-6,0,-3,-1,22,1,-8,0,-3,-1,20,1,-4,0,-3,-1,17,1,-4,0,-3,-1,17,1,-2,0,-3
19,1,-4,0,-3,-1,18,1,-2,0,-3,-1,31,1,-4,-6,0,-3,-1,30,1,-6,0,-3,-1,29,1,-8,0,-3,-1,17,1,-4,0,-3,-1,17,1,-2,0,-3
31,1,-2,-4,0,-3,-1,30,1,-4,0,-3,-1,29,1,-6,0,-3,-1,19,1,-2,0,-3,-1,18,1,-8,0,-3,-1,17,1,-2,0,-3
31,1,-2,-10,0,-3,-1,29,1,-6,0,-3,-1,22,1,-8,0,-3,-1,20,1,-4,0,-3,-1,17,1,-4,0,-3,-1,17,1,-2,0,-3,-1,30,1,-12,0,-3,-1,30,1,-10,0,-3,-1,22,1,-14,0,-3,-1,19,1,-2,0,-3
31,1,-2,-4,0,-3,-1,30,1,-6,0,-3,-1,30,1,-4,0,-3,-1,29,1,-8,0,-3,-1,22,1,-10,0,-3,-1,22,1,-12,0,-3,-1,20,1,-14,0,-3,-1,19,1,-2,0,-3,-1,17,1,-2,0,-3
30,1,-4,0,-3,-1,29,1,-6,0,-3,-1,19,1,-2,0,-3,-1,18,1,-8,0,-3,-1,17,1,-2,0,-3,-1,30,1,-10,0,-3,-1,29,1,-12,0,-3,-1,22,1,-14,0,-3,-1,22,1,-16,0,-3,-1,20,1,-18,0,-3
30,1,-2,0,-3,-1,30,1,-4,0,-3,-1,29,1,-6,0,-3,-1,29,1,-8,0,-3,-1,22,1,-10,0,-3,-1,22,1,-12,0,-3,-1,20,1,-14,0,-3,-1,19,1,-16,0,-3,-1,18,1,-18,0,-3
30,1,-2,0,-3,-1,29,1,-6,0,-3,-1,29,1,-8,0,-3,-1,22,1,-10,0,-3,-1,22,1,-12,0,-3,-1,20,1,-14,0,-3,-1,19,1,-16,0,-3,-1,18,1,-18,0,-3,-1,22,1,-4,0,-3
29,1,-4,0,-3,-1,29,1,-6,0,-3,-1,22,1,-8,0,-3,-1,22,1,-10,0,-3,-1,22,1,-12,0,-3,-1,20,1,-14,0,-3,-1,19,1,-16,0,-3,-1,18,1,-18,0,-3,-1,22,1,-2,0,-3
29,1,-2,0,-3,-1,22,1,-4,0,-3,-1,22,1,-6,0,-3,-1,22,1,-8,0,-3,-1,22,1,-10,0,-3,-1,20,1,-12,0,-3,-1,19,1,-14,0,-3,-1,18,1,-16,0,-3
22,1,-2,0,-3,-1,22,1,-4,0,-3,-1,22,1,-6,0,-3,-1,22,1,-8,0,-3,-1,20,1,-10,0,-3,-1,19,1,-12,0,-3,-1,18,1,-14,0,-3
22,1,-2,0,-3,-1,22,1,-4,0,-3,-1,22,1,-6,0,-3,-1,20,1,-8,0,-3,-1,19,1,-10,0,-3,-1,18,1,-12,0,-3
22,1,-2,0,-3,-1,22,1,-4,0,-3,-1,20,1,-6,0,-3,-1,19,1,-8,0,-3,-1,18,1,-10,0,-3
22,1,-2,0,-3,-1,20,1,-4,0,-3,-1,19,1,-6,0,-3,-1,18,1,-8,0,-3
20,1,-2,0,-3,-1,19,1,-4,0,-3,-1,18,1,-6,0,-3
19,1,-2,0,-3,-1,18,1,-4,0,-3
18,1,-2,0,-3