18,1,19,1,-2,0,-2,0,-3,17
18,1,-4,19,1,18,1,-2,-4,0,0,0,-3,19,1,-2,0
18,1,-2,18,1,-4,-6,0,0,-3,18,1,-6,18,1,-2,-4,0,0
18,1,-4,18,1,-2,-6,0,0,-3,18,1,-2,18,1,-4,-6,0,0
18,1,-6,18,1,-4,-2,0,0,-3,18,1,-2,18,1,-4,-6,0,0
18,1,-2,18,1,-4,18,1,19,1,-2,0,-6,0,0,0,-3,18,1,-4,-6,0
18,1,-2,18,1,-4,18,1,-6,19,1,-2,0,0,0,0,-3,18,1,-4,-6,0
18,1,19,1,-4,0,18,1,-6,18,1,-2,-4,0,0,0,-3,18,1,-2,-6,0
18,1,19,1,-2,0,18,1,-4,18,1,-2,-6,0,0,0,-3,18,1,-6,-4,0
20,1,17,17,0,-3,17
20,1,-2,20,1,17,-4,0,0,-3,20,1,17,-4,0
20,1,18,1,-2,-2,0,20,1,-2,-2,0,0,-3,18,1,-2,-2,0
20,1,19,1,-2,0,20,1,19,1,-2,0,-2,0,0,-3,-2
20,1,18,1,-2,-4,0,20,1,-4,-4,0,0,-3,18,1,-4,20,1,-2,20,1,-4,-4,0,0,0
20,1,19,1,-2,0,20,1,-2,-2,0,0,-3,19,1,-2,0
20,1,19,1,-2,0,19,1,20,1,-2,-2,0,0,0,-3,-2
20,1,19,1,-2,0,-2,0,-3,20,1,-2,19,1,-2,0,0
20,1,19,1,-2,0,20,1,-2,19,1,-2,0,0,0,-3,-2
20,1,19,1,-2,0,20,1,-2,-4,0,0,-3,20,1,-2,20,1,19,1,-2,0,-4,0,0
20,1,-2,20,1,-2,18,1,-4,-2,0,0,0,-3,18,1,-2,20,1,-2,20,1,-2,-4,0,0,0
20,1,-2,20,1,18,1,-4,-2,0,-2,0,0,-3,18,1,-2,20,1,-2,20,1,-4,-2,0,0,0
20,1,-2,20,1,-2,18,1,-2,-4,0,0,0,-3,18,1,-2,20,1,-2,20,1,-2,-4,0,0,0
20,1,-2,20,1,18,1,-2,-4,0,-2,0,0,-3,18,1,-2,20,1,-2,20,1,-4,-2,0,0,0
20,1,19,1,-2,0,20,1,19,1,20,1,-2,-2,0,0,-4,0,0,-3,20,1,-2,-4,0
18,1,-2,20,1,-2,18,1,19,1,20,1,-2,-2,0,0,-4,0,0,0,-3,20,1,-2,-4,0
20,1,-2,19,1,20,1,-2,19,1,-2,0,0,0,0,-3,-2
20,1,19,1,-2,0,19,1,20,1,-2,19,1,-2,0,0,0,0,-3,19,1,-2,0
20,1,-2,20,1,19,1,20,1,-2,19,1,-2,0,0,0,-4,0,0,-3,20,1,-2,-4,0
18,1,-2,20,1,18,1,-2,-2,0,19,1,20,1,-2,-2,0,0,0,0,-3,19,1,-2,0
18,1,-2,20,1,18,1,-2,-2,0,20,1,-2,19,1,-2,0,0,0,0,-3,19,1,-2,0
18,1,-2,20,1,-2,18,1,-4,19,1,20,1,-2,-2,0,0,0,0,0,-3,20,1,-2,-4,0
20,1,-2,18,1,-4,19,1,20,1,-2,-2,0,0,0,0,-3,18,1,19,1,-2,0,20,1,-2,-4,0,0
20,1,18,1,-2,-2,0,19,1,20,1,-2,-2,0,0,0,-3,18,1,19,1,-2,0,19,1,-2,0,0
20,1,-2,18,1,19,1,20,1,-2,-2,0,0,-4,0,0,-3,18,1,19,1,-2,0,20,1,-2,-4,0,0
20,1,-2,18,1,-4,20,1,-2,19,1,-2,0,0,0,0,-3,18,1,19,1,-2,0,20,1,-2,-4,0,0
20,1,18,1,-2,-2,0,20,1,-2,19,1,-2,0,0,0,-3,18,1,19,1,-2,0,19,1,-2,0,0
20,1,-2,18,1,20,1,-2,19,1,-2,0,0,-4,0,0,-3,18,1,19,1,-2,0,20,1,-2,-4,0,0
18,1,20,1,-2,19,1,-2,0,0,20,1,-4,-2,0,0,-3,20,1,18,1,19,1,-2,0,-4,0,-2,0
20,1,19,1,-2,0,18,1,-2,-2,0,0,-3,20,1,-2,18,1,19,1,-2,0,19,1,-2,0,0,0
18,1,20,1,-2,-4,0,20,1,-4,19,1,-4,0,0,0,-3,20,1,18,1,-2,19,1,-4,0,0,-4,0
20,1,-2,18,1,-4,19,1,20,1,-2,19,1,-2,0,0,0,0,0,-3,18,1,-2,20,1,-2,-4,0,0
20,1,18,1,-2,-2,0,19,1,20,1,-2,19,1,-2,0,0,0,0,-3,18,1,-2,-2,0
20,1,-2,18,1,19,1,20,1,-2,19,1,-2,0,0,0,-4,0,0,-3,18,1,-2,20,1,-2,-4,0,0
20,1,18,1,19,1,-2,0,19,1,-2,0,0,19,1,20,1,-2,-2,0,0,0,-3,18,1,-2,-2,0
20,1,18,1,19,1,-2,0,19,1,-2,0,0,20,1,-2,19,1,-2,0,0,0,-3,18,1,-2,-2,0
20,1,-2,20,1,19,1,-2,0,18,1,19,1,-2,0,19,1,-2,0,0,0,0,-3,18,1,-2,-2,0
20,1,19,1,-2,0,18,1,19,1,-2,0,19,1,-2,0,0,0,-3,20,1,-2,18,1,-2,-2,0,0
18,1,20,1,19,1,-2,0,-4,0,20,1,-2,-2,0,0,-3,20,1,19,1,-2,0,18,1,-4,19,1,-2,0,0,0
18,1,20,1,-2,-2,0,20,1,19,1,-2,0,-4,0,0,-3,20,1,19,1,-2,0,18,1,19,1,-2,0,-4,0,0
18,1,20,1,-2,-2,0,20,1,-4,19,1,-2,0,0,0,-3,20,1,18,1,19,1,-2,0,-4,0,19,1,-2,0,0
20,1,19,1,-2,0,18,1,20,1,-2,-2,0,-4,0,0,-3,18,1,19,1,-2,0,20,1,19,1,-2,0,-4,0,0
20,1,19,1,-2,0,18,1,-4,20,1,-2,-2,0,0,0,-3,18,1,19,1,-2,0,20,1,19,1,-2,0,-4,0,0
18,1,20,1,-2,19,1,-4,0,0,20,1,-4,-4,0,0,-3,20,1,18,1,-2,19,1,-4,0,0,19,1,-4,0,0
20,1,18,1,-2,19,1,20,1,-4,20,1,-4,-2,0,0,0,0,19,1,-4,0,0,-3,17
20,1,19,1,-2,0,18,1,19,1,-4,0,20,1,-2,20,1,-2,-4,0,0,0,0,-3,17
20,1,18,1,19,1,-2,0,20,1,-4,20,1,-4,-2,0,0,0,19,1,-4,0,0,-3,17
20,1,19,1,-2,0,18,1,-4,20,1,-2,20,1,-2,19,1,-4,0,0,0,0,0,-3,17
20,1,18,1,-2,20,1,-4,20,1,-4,19,1,-2,0,0,0,0,19,1,-4,0,0,-3,17
20,1,-2,20,1,-2,18,1,19,1,-2,0,19,1,-2,0,0,0,0,-3,18,1,19,1,-2,0,19,1,-2,0,0
20,1,18,1,19,1,-2,0,19,1,-2,0,0,20,1,-2,-2,0,0,-3,18,1,19,1,-2,0,19,1,-2,0,0
20,1,-2,20,1,18,1,19,1,-4,0,20,1,-2,20,1,-2,-4,0,0,0,-6,0,0,-3,17
20,1,18,1,-2,19,1,20,1,-4,20,1,-4,-2,0,0,0,0,20,1,-4,-6,0,0,-3,17
20,1,18,1,-2,19,1,20,1,-4,20,1,-4,-2,0,0,0,0,20,1,-6,-4,0,0,-3,17
20,1,18,1,19,1,-2,0,20,1,-4,20,1,-4,-2,0,0,0,20,1,-4,-6,0,0,-3,17
20,1,18,1,-2,20,1,-4,20,1,-4,19,1,-2,0,0,0,0,20,1,-4,-6,0,0,-3,17
20,1,-2,20,1,18,1,-4,20,1,-2,19,1,20,1,-2,-4,0,0,0,0,-2,0,0,-3,17
20,1,18,1,-2,20,1,-4,19,1,20,1,-4,-2,0,0,0,0,-4,0,-3,17
20,1,-2,18,1,-4,20,1,-2,19,1,20,1,-2,-4,0,0,0,0,0,-3,17
20,1,19,1,-2,0,18,1,-4,20,1,-2,19,1,20,1,-2,-4,0,0,0,0,0,-3,17
20,1,18,1,-2,20,1,-4,19,1,20,1,-4,-2,0,0,0,0,19,1,-4,0,0,-3,17
20,1,18,1,19,1,-2,0,20,1,-4,20,1,-4,-2,0,0,0,20,1,-6,-4,0,0,-3,17
20,1,-2,20,1,18,1,-4,20,1,-2,20,1,-2,19,1,-4,0,0,0,0,-6,0,0,-3,17
20,1,-2,20,1,-4,18,1,-6,19,1,20,1,-2,20,1,-2,-6,0,0,0,0,0,0,-3,17
20,1,-2,20,1,-4,18,1,19,1,-6,0,20,1,-2,20,1,-2,-6,0,0,0,0,0,-3,17
20,1,18,1,-2,19,1,20,1,-4,20,1,-4,-2,0,0,0,0,18,1,-4,-4,0,0,-3,17
20,1,-2,20,1,-6,18,1,-4,20,1,-2,20,1,-2,19,1,-4,0,0,0,0,0,0,-3,17
20,1,-2,20,1,18,1,-4,20,1,-2,19,1,20,1,-2,-4,0,0,0,0,-6,0,0,-3,17
20,1,-2,20,1,-6,18,1,-4,20,1,-2,19,1,20,1,-2,-4,0,0,0,0,0,0,-3,17
20,1,18,1,-2,20,1,-4,19,1,20,1,-4,-2,0,0,0,0,20,1,-4,-6,0,0,-3,17
20,1,18,1,-2,20,1,-4,19,1,20,1,-4,-2,0,0,0,0,20,1,-6,-4,0,0,-3,17
20,1,18,1,19,1,-2,0,20,1,-4,20,1,-4,-2,0,0,0,18,1,-4,-4,0,0,-3,17
20,1,18,1,-2,20,1,-4,20,1,-4,19,1,-2,0,0,0,0,20,1,-6,-4,0,0,-3,17
20,1,18,1,-2,-2,0,18,1,19,1,-4,0,20,1,-2,20,1,-2,-4,0,0,0,0,-3,17
20,1,18,1,-2,-2,0,18,1,-4,19,1,20,1,-2,20,1,-2,-4,0,0,0,0,0,-3,17
20,1,18,1,-2,20,1,-4,19,1,20,1,-4,-2,0,0,0,0,18,1,-4,-4,0,0,-3,17
20,1,18,1,-2,20,1,-4,20,1,-4,19,1,-2,0,0,0,0,18,1,-4,-4,0,0,-3,17
20,1,18,1,-2,-2,0,18,1,-4,20,1,-2,20,1,-2,19,1,-4,0,0,0,0,0,-3,17
20,1,18,1,-2,-2,0,18,1,-4,20,1,-2,19,1,20,1,-2,-4,0,0,0,0,0,-3,17
18,1,20,1,-2,-4,0,20,1,18,1,-4,-2,0,19,1,-4,0,0,0,-3,20,1,-4,19,1,-4,0,0
18,1,20,1,-2,19,1,-4,0,0,20,1,18,1,-4,-2,0,-4,0,0,-3,20,1,-4,-4,0
18,1,20,1,-2,19,1,-4,0,0,20,1,18,1,-2,-4,0,-4,0,0,-3,20,1,-4,-4,0
20,1,-2,20,1,-2,20,1,19,1,-4,0,-2,0,0,0,-3,20,1,-4,19,1,-2,0,0
20,1,18,1,19,1,-2,0,19,1,-4,0,0,-2,0,-3,20,1,18,1,-2,-4,0,19,1,-2,0,0
20,1,18,1,19,1,-2,0,-4,0,-2,0,-3,20,1,18,1,-2,19,1,-4,0,0,19,1,-2,0,0
20,1,18,1,19,1,-2,0,19,1,-4,0,0,-4,0,-3,20,1,18,1,-2,-4,0,19,1,-4,0,0
18,1,20,1,-2,19,1,-4,0,0,20,1,18,1,-6,-2,0,-4,0,0,-3,20,1,-6,-4,0
18,1,20,1,-2,19,1,-6,0,0,20,1,18,1,-2,-4,0,-6,0,0,-3,20,1,-4,-6,0
20,1,-2,20,1,-2,20,1,-4,20,1,-6,-2,0,0,0,0,-3,20,1,-4,20,1,-6,-2,0,0
20,1,-2,18,1,-2,20,1,-2,20,1,-4,-2,0,0,0,0,-3,20,1,18,1,-4,-2,0,-2,0
20,1,-2,20,1,-2,20,1,-4,18,1,-2,-2,0,0,0,0,-3,20,1,-4,18,1,-2,-2,0,0
18,1,20,1,-2,-2,0,20,1,-4,19,1,-2,0,0,0,-3,20,1,18,1,-2,19,1,-4,0,0,-2,0
18,1,20,1,-2,19,1,-2,0,0,20,1,-4,-2,0,0,-3,20,1,18,1,-2,19,1,-4,0,0,19,1,-2,0,0
18,1,20,1,-4,-8,0,18,1,-2,20,1,-4,-6,0,0,0,-3,18,1,-2,20,1,-4,18,1,-6,-8,0,0,0
18,1,20,1,-2,-4,0,18,1,20,1,-6,-4,0,-8,0,0,-3,18,1,20,1,18,1,-2,-6,0,-4,0,-8,0
18,1,20,1,-8,-6,0,18,1,-2,20,1,-4,-6,0,0,0,-3,18,1,-2,20,1,18,1,-4,-8,0,-6,0,0
18,1,-2,20,1,18,1,20,1,-2,19,1,-2,0,0,-4,0,-2,0,0,-3,20,1,-4,-2,0
18,1,-2,20,1,18,1,-4,20,1,-2,19,1,-2,0,0,0,-2,0,0,-3,20,1,-4,-2,0
20,1,18,1,-2,20,1,-4,-4,0,0,19,1,-4,0,0,-3,18,1,19,1,-4,0,20,1,-2,19,1,-4,0,0,0
20,1,18,1,20,1,-2,-2,0,-4,0,19,1,-2,0,0,-3,18,1,19,1,-2,0,20,1,-4,19,1,-2,0,0,0
18,1,20,1,-2,20,1,-4,-6,0,0,20,1,-8,-6,0,0,-3,20,1,18,1,20,1,-2,-4,0,-8,0,-6,0
18,1,-4,18,1,-2,18,1,-6,18,1,19,1,-4,0,-8,0,0,0,0,-3,18,1,-2,18,1,-6,-8,0,0
18,1,-2,18,1,-4,18,1,-8,18,1,-6,19,1,-2,0,0,0,0,0,-3,18,1,-4,18,1,-6,-8,0,0
18,1,19,1,-2,0,18,1,-4,18,1,-6,18,1,-2,-8,0,0,0,0,-3,18,1,-6,18,1,-4,-8,0,0
18,1,19,1,-4,0,18,1,-2,18,1,-6,18,1,-8,-4,0,0,0,0,-3,18,1,-2,18,1,-8,-6,0,0
20,1,-2,18,1,-4,18,1,-6,20,1,-2,-2,0,0,0,0,-3,18,1,-2,20,1,-2,18,1,-4,-6,0,0,0
20,1,-2,18,1,19,1,-4,0,20,1,-4,20,1,-2,-2,0,0,0,0,-3,17
20,1,18,1,-2,20,1,-2,-4,0,0,-2,0,-3,20,1,-2,18,1,-2,20,1,-4,-2,0,0,0
20,1,18,1,-2,20,1,-2,20,1,-4,-4,0,0,0,-4,0,-3,20,1,-2,18,1,-4,-4,0,0
20,1,18,1,-4,20,1,-4,20,1,-2,19,1,-2,0,0,0,0,19,1,-2,0,0,-3,17
20,1,-2,20,1,18,1,-4,20,1,-4,20,1,-2,19,1,-2,0,0,0,0,-6,0,0,-3,17
20,1,-2,20,1,-6,18,1,-4,20,1,-4,20,1,-2,19,1,-2,0,0,0,0,0,0,-3,17
20,1,18,1,-2,20,1,-2,20,1,-4,19,1,-4,0,0,0,0,20,1,-4,-6,0,0,-3,17
20,1,18,1,-2,20,1,-2,20,1,-4,19,1,-4,0,0,0,0,20,1,-6,-4,0,0,-3,17
20,1,-2,20,1,-4,18,1,19,1,-6,0,20,1,-6,20,1,-2,-2,0,0,0,0,0,-3,17
20,1,18,1,-2,-2,0,18,1,19,1,-4,0,20,1,-4,20,1,-2,-2,0,0,0,0,-3,17
20,1,18,1,-2,-2,0,18,1,-4,20,1,-4,20,1,-2,19,1,-2,0,0,0,0,0,-3,17
20,1,18,1,-2,20,1,-2,20,1,-4,19,1,-4,0,0,0,0,18,1,-4,-4,0,0,-3,17
20,1,-2,18,1,-4,18,1,20,1,-2,-2,0,-6,0,0,0,-3,18,1,-2,20,1,-2,18,1,-4,-6,0,0,0
20,1,-2,20,1,18,1,20,1,-2,-2,0,-4,0,-6,0,0,-3,20,1,18,1,-2,20,1,-2,-4,0,0,-6,0
18,1,-2,20,1,18,1,19,1,-2,0,-4,0,20,1,-2,-2,0,0,0,-3,20,1,-4,20,1,-2,-2,0,0
18,1,-2,20,1,18,1,-4,19,1,-2,0,0,20,1,-2,-2,0,0,0,-3,20,1,-4,20,1,-2,-2,0,0
18,1,-2,20,1,-2,20,1,-2,18,1,19,1,-2,0,-4,0,0,0,0,-3,20,1,-2,20,1,-2,-4,0,0
18,1,-2,20,1,-2,20,1,-2,18,1,-4,19,1,-2,0,0,0,0,0,-3,20,1,-2,20,1,-2,-4,0,0
18,1,-2,20,1,-2,20,1,18,1,19,1,-2,0,-4,0,-2,0,0,0,-3,20,1,-2,20,1,-4,-2,0,0
18,1,-2,20,1,-2,20,1,18,1,-4,19,1,-2,0,0,-2,0,0,0,-3,20,1,-2,20,1,-4,-2,0,0
20,1,-2,20,1,-2,18,1,-4,20,1,-2,-6,0,0,0,0,-3,20,1,-2,18,1,20,1,-2,-4,0,-6,0,0
20,1,-2,20,1,-2,18,1,20,1,-2,-4,0,-6,0,0,0,-3,20,1,-2,18,1,-4,20,1,-2,-6,0,0,0
20,1,-2,18,1,-4,20,1,-2,20,1,-6,-2,0,0,0,0,-3,18,1,20,1,-2,-4,0,20,1,-6,-2,0,0
20,1,18,1,-2,-2,0,20,1,-2,20,1,-4,-2,0,0,0,-3,20,1,-4,18,1,-2,-2,0,0
20,1,-2,18,1,20,1,-2,20,1,-4,-2,0,0,-6,0,0,-3,18,1,20,1,-4,-2,0,20,1,-2,-6,0,0
20,1,18,1,-2,20,1,-4,-4,0,0,20,1,-4,-6,0,0,-3,20,1,18,1,-4,20,1,-2,-4,0,0,-6,0
20,1,18,1,-2,20,1,-4,20,1,-4,-2,0,0,0,-4,0,-3,20,1,-2,18,1,-4,-4,0,0
20,1,18,1,-2,18,1,20,1,-4,-4,0,-6,0,0,-4,0,-3,18,1,-4,20,1,18,1,-2,-6,0,-4,0,0
20,1,18,1,-2,18,1,-6,20,1,-4,-4,0,0,0,-4,0,-3,18,1,-4,20,1,18,1,-6,-2,0,-4,0,0
20,1,18,1,20,1,-2,-2,0,-4,0,20,1,-2,-6,0,0,-3,20,1,18,1,-2,20,1,-4,-2,0,0,-6,0
20,1,18,1,20,1,-2,-4,0,-6,0,20,1,-4,-4,0,0,-3,20,1,18,1,-2,20,1,-6,-4,0,0,-4,0
20,1,18,1,-4,20,1,-2,20,1,-4,-4,0,0,0,-4,0,-3,20,1,18,1,-2,-4,0,-4,0
20,1,18,1,-2,20,1,-6,20,1,-4,-4,0,0,0,-4,0,-3,20,1,18,1,-2,-6,0,-4,0
20,1,18,1,20,1,-2,20,1,-4,-4,0,0,-6,0,-4,0,-3,20,1,18,1,-2,-6,0,-4,0
20,1,18,1,-2,20,1,-2,-4,0,0,20,1,-4,-4,0,0,-3,20,1,-2,18,1,-4,20,1,-4,-4,0,0,0
20,1,-2,20,1,18,1,-4,20,1,-2,-6,0,0,-2,0,0,-3,20,1,18,1,20,1,-2,-4,0,-6,0,-2,0
20,1,18,1,20,1,-2,20,1,-2,-4,0,0,-6,0,-2,0,-3,20,1,18,1,-4,-6,0,-2,0
20,1,18,1,-6,20,1,-2,20,1,-2,-4,0,0,0,-2,0,-3,20,1,18,1,-4,-6,0,-2,0
20,1,-2,20,1,18,1,20,1,-2,-4,0,-6,0,-2,0,0,-3,20,1,18,1,-4,20,1,-2,-6,0,0,-2,0
20,1,18,1,-6,20,1,-2,-4,0,0,20,1,-4,-4,0,0,-3,20,1,18,1,-2,20,1,-6,-4,0,0,-4,0
20,1,18,1,-2,-2,0,20,1,-4,-6,0,0,-3,20,1,-2,20,1,18,1,-4,-4,0,-6,0,0
20,1,-2,20,1,18,1,-2,-2,0,20,1,-4,-2,0,0,0,-3,20,1,-4,18,1,-2,-2,0,0
20,1,18,1,-2,-2,0,20,1,-4,-2,0,0,-3,20,1,-2,20,1,-4,18,1,-2,-2,0,0,0
20,1,-2,20,1,-2,20,1,18,1,-2,-2,0,-4,0,0,0,-3,20,1,18,1,-2,-2,0,-4,0
20,1,-2,20,1,-4,18,1,-6,-6,0,0,0,-3,20,1,18,1,-2,-2,0,20,1,-4,-6,0,0
20,1,-2,20,1,-2,18,1,-4,19,1,-2,0,0,0,0,-3,18,1,19,1,-2,0,20,1,-2,20,1,-2,-4,0,0,0
20,1,-2,20,1,-2,18,1,19,1,-2,0,-4,0,0,0,-3,18,1,19,1,-2,0,20,1,-2,20,1,-2,-4,0,0,0
20,1,-2,20,1,18,1,-4,19,1,-2,0,0,-2,0,0,-3,18,1,19,1,-2,0,20,1,-2,20,1,-4,-2,0,0,0
20,1,-2,20,1,18,1,19,1,-2,0,-4,0,-2,0,0,-3,18,1,19,1,-2,0,20,1,-2,20,1,-4,-2,0,0,0
20,1,18,1,19,1,-2,0,-4,0,20,1,-2,-2,0,0,-3,18,1,19,1,-2,0,20,1,-4,20,1,-2,-2,0,0,0
20,1,18,1,-2,19,1,-4,0,0,20,1,-4,-4,0,0,-3,18,1,19,1,-4,0,20,1,-2,20,1,-4,-4,0,0,0
20,1,18,1,-2,20,1,-2,-6,0,0,-4,0,-3,20,1,-2,18,1,-4,20,1,-6,-4,0,0,0
20,1,18,1,-2,20,1,-4,19,1,-4,0,0,0,19,1,-4,0,0,-3,18,1,-4,20,1,-2,19,1,-4,0,0,0
20,1,18,1,20,1,-2,19,1,-2,0,0,-4,0,19,1,-2,0,0,-3,18,1,-2,20,1,-4,19,1,-2,0,0,0
20,1,-2,18,1,-4,18,1,-6,19,1,20,1,-2,20,1,-2,-4,0,0,0,0,0,0,-3,20,1,-2,-6,0
20,1,-2,18,1,19,1,-4,0,18,1,20,1,-2,20,1,-2,-4,0,0,-6,0,0,0,-3,20,1,-2,-6,0
20,1,-2,18,1,-4,18,1,19,1,-6,0,20,1,-2,20,1,-2,-6,0,0,0,0,0,-3,20,1,-2,-4,0
20,1,-2,18,1,-4,18,1,-6,20,1,-2,20,1,-2,19,1,-6,0,0,0,0,0,0,-3,20,1,-2,-4,0
18,1,20,1,-2,-4,0,18,1,-6,18,1,20,1,-2,19,1,-4,0,0,-8,0,0,0,-3,18,1,-6,-8,0
18,1,20,1,-2,-4,0,18,1,-6,18,1,-8,20,1,-2,19,1,-4,0,0,0,0,0,-3,18,1,-6,-8,0
18,1,20,1,-2,19,1,-4,0,0,18,1,-6,18,1,-8,20,1,-2,-4,0,0,0,0,-3,18,1,-8,-6,0
18,1,20,1,-2,19,1,-4,0,0,18,1,-6,18,1,20,1,-2,-4,0,-8,0,0,0,-3,18,1,-8,-6,0
20,1,18,1,-2,18,1,19,1,-6,0,20,1,-4,20,1,-4,-6,0,0,0,0,-4,0,-3,20,1,-2,-4,0
20,1,18,1,-2,18,1,19,1,-6,0,20,1,-6,20,1,-4,-4,0,0,0,0,-4,0,-3,20,1,-2,-4,0
20,1,18,1,-2,18,1,20,1,-2,20,1,-4,19,1,-4,0,0,0,-6,0,0,-4,0,-3,20,1,-6,-4,0
20,1,18,1,-2,18,1,-6,20,1,-6,20,1,-4,19,1,-4,0,0,0,0,0,-4,0,-3,20,1,-2,-4,0
20,1,-4,20,1,-4,-2,0,0,-3,20,1,-2,20,1,-4,-4,0,0
20,1,-2,20,1,-4,20,1,-2,19,1,-2,0,0,0,0,-3,20,1,-2,19,1,-4,0,0
20,1,18,1,-2,20,1,-4,-2,0,0,-2,0,-3,20,1,-2,18,1,-2,20,1,-2,-4,0,0,0
20,1,-2,18,1,-4,20,1,-6,20,1,-2,-2,0,0,0,0,-3,20,1,-2,18,1,-4,-6,0,0