17,1,-2,-4,-4,0,-3
20,1,-2,20,1,17,-4,0,0,-3,20,1,17,-4,0
20,1,18,1,-2,-2,0,20,1,-2,-2,0,0,-3,18,1,-2,-2,0
20,1,19,1,-2,0,20,1,19,1,-2,0,-2,0,0,-3,-2
20,1,18,1,-2,-4,0,20,1,-4,-4,0,0,-3,18,1,-4,20,1,-2,20,1,-4,-4,0,0,0
20,1,19,1,-2,0,20,1,-2,-2,0,0,-3,19,1,-2,0
20,1,19,1,-2,0,19,1,20,1,-2,-2,0,0,0,-3,-2
20,1,19,1,-2,0,-2,0,-3,20,1,-2,19,1,-2,0,0
20,1,19,1,-2,0,20,1,-2,19,1,-2,0,0,0,-3,-2
20,1,19,1,-2,0,20,1,-2,-4,0,0,-3,20,1,-2,20,1,19,1,-2,0,-4,0,0
20,1,-2,20,1,-2,18,1,-4,-2,0,0,0,-3,18,1,-2,20,1,-2,20,1,-2,-4,0,0,0
20,1,-2,20,1,18,1,-4,-2,0,-2,0,0,-3,18,1,-2,20,1,-2,20,1,-4,-2,0,0,0
20,1,-2,20,1,-2,18,1,-2,-4,0,0,0,-3,18,1,-2,20,1,-2,20,1,-2,-4,0,0,0
20,1,-2,20,1,18,1,-2,-4,0,-2,0,0,-3,18,1,-2,20,1,-2,20,1,-4,-2,0,0,0
20,1,19,1,-2,0,20,1,19,1,20,1,-2,-2,0,0,-4,0,0,-3,20,1,-2,-4,0
18,1,-2,20,1,-2,18,1,19,1,20,1,-2,-2,0,0,-4,0,0,0,-3,20,1,-2,-4,0
20,1,-2,19,1,20,1,-2,19,1,-2,0,0,0,0,-3,-2
